rgb(0.411765,0.266667,0.207843)
rgb(0.745098,0.537255,0.466667)
rgb(0.309804,0.447059,0.580392)
rgb(0.278431,0.380392,0.215686)
rgb(0.462745,0.466667,0.662745)
rgb(0.313726,0.752941,0.670588)

rgb(0.874510,0.482353,0.168627)
rgb(0.227451,0.380392,0.678431)
rgb(0.772549,0.313726,0.364706)
rgb(0.305882,0.184314,0.392157)
rgb(0.572549,0.741176,0.282353)
rgb(0.894118,0.607843,0.156863)

rgb(0.105882,0.270588,0.611765)
rgb(0.192157,0.584314,0.298039)
rgb(0.709804,0.121569,0.203922)
rgb(0.925490,0.764706,0.149020)
rgb(0.725490,0.321569,0.596078)
rgb(0.043137,0.505882,0.603922)

rgb(0.949020,0.945098,0.925490)
rgb(0.733333,0.752941,0.752941)
rgb(0.572549,0.584314,0.588235)
rgb(0.411765,0.423529,0.427451)
rgb(0.262745,0.274510,0.286275)
rgb(0.101961,0.109804,0.125490)
